97.1795
96.0256
94.4872
91.4103
88.3333
84.8718
79.8718
77.5641
74.4872
71.4103
66.4103
61.7949
57.1795
52.9487
51.0256
51.0256
51.0256
51.4103
51.4103
52.9487
54.1026
55.2564
55.6410
56.0256
57.9487
62.1795
66.4103
69.1026
55.2564
49.8718
46.0256
38.3333
42.1795
44.1026
36.4103
32.5641
31.4103
30.2564
32.1795
36.7949
41.4103
45.6410
49.1026
36.0256
32.1795
29.1026
26.7949
25.2564
25.2564
25.6410
28.7180
31.4103
34.8718
37.5641
40.6410
42.1795
44.4872
46.0256
46.7949
47.9487
53.7180
60.6410
64.4872
69.4872
79.8718
84.1026
85.2564
85.2564
86.0256
86.0256
82.9487
80.6410
78.7180
78.7180
77.5641
59.8718
62.1795
62.5641
99.4872
99.1026
97.5641
94.1026
91.0256
86.4103
83.3333
79.1026
75.2564
71.4103
66.7949
60.2564
55.2564
51.4103
47.5641
46.0256
42.5641
39.8718
36.7949
33.7180
40.6410
38.3333
33.7180
29.1026
25.2564
24.1026
22.9487
22.9487
22.1795
20.2564
19.1026
19.1026
18.3333
18.3333
18.3333
17.5641
16.0256
13.7180
14.8718
14.8718
14.8718
14.1026
12.5641
11.0256
9.8718
6.0256
9.4872
10.2564
10.2564
10.6410
10.6410
10.6410
10.6410
10.6410
10.6410
8.7180
5.2564
2.9487
25.7692
25.3846
41.5385
95.7692
95.0000
92.6923
