55.3846,
51.5385,
46.1538,
42.8205,
40.7692,
38.7179,
35.6410,
33.0769,
28.9744,
26.1538,
23.0769,
22.3077,
22.3077,
23.3333,
25.8974,
29.4872,
32.8205,
35.3846,
40.2564,
44.1026,
46.6667,
50.0000,
53.0769,
56.6667,
59.2308,
61.2821,
61.5385,
61.7949,
57.4359,
54.8718,
52.5641,
48.2051,
49.4872,
51.0256,
45.3846,
42.8205,
38.7179,
35.1282,
32.5641,
30.0000,
33.5897,
36.6667,
38.2051,
29.7436,
29.7436,
30.0000,
32.0513,
35.8974,
41.0256,
44.1026,
47.1795,
49.4872,
51.5385,
53.5897,
55.1282,
56.6667,
59.2308,
62.3077,
64.8718,
67.9487,
70.5128,
71.5385,
71.5385,
69.4872,
46.9231,
48.2051,
50.0000,
53.0769,
55.3846,
56.6667,
56.1538,
53.8462,
51.2821,
50.0000,
47.9487,
29.7436,
29.7436,
31.2821,
57.9487,
61.7949,
64.8718,
68.4615,
70.7692,
72.0513,
73.8462,
75.1282,
76.6667,
77.6923,
79.7436,
81.7949,
83.3333,
85.1282,
86.4103,
87.9487,
89.4872,
93.3333,
95.3846,
98.2051,
56.6667,
59.2308,
60.7692,
63.0769,
64.1026,
64.3590,
74.3590,
71.2821,
67.9487,
65.8974,
63.0769,
61.2821,
58.7179,
55.1282,
52.3077,
49.7436,
47.4359,
44.8718,
48.7179,
51.2821,
54.1026,
56.1538,
52.0513,
48.7179,
47.1795,
46.1538,
50.5128,
53.8462,
57.4359,
60.0000,
64.1026,
66.9231,
71.2821,
74.3590,
78.2051,
67.9487,
68.4615,
68.2051,
37.6923,
39.4872,
91.2821,
50.0000,
47.9487,
44.1026